5 -
[
  [ 0.034248770266464, 0.034153126932911, 0.034034692503742, 0.034301500099221 ]
  [ 0.033081475975587, 0.033502523800761, 0.033652376944257, 0.032717232605846 ]
  [ 0.03253138839584, 0.033279383059629, 0.032417789009429, 0.032630538878982 ]
  [ 0.023794106331233, 0.023916566903112, 0.023929847715638, 0.023674845379723 ]
  [ 0.023586938087678, 0.023834989069206, 0.023473643081266, 0.023641934311771 ]
  [ 0.023195204965298, 0.023610574195587, 0.023347099217863, 0.023103865181716 ]
  [ 0.019205195188446, 0.01942144678878, 0.019252645067748, 0.019162459958771 ]
  [ 0.017124385133232, 0.017076563466456, 0.017017346251871, 0.017150750049611 ]
]
6 -
[
  [ 0.038149904405948, 0.03896799935508, 0.039680436161376, 0.039225331962723 ]
  [ 0.038057397997256, 0.038931223903735, 0.038983514997148, 0.038752783266539 ]
  [ 0.03724263291998, 0.038925672683519, 0.037267759657398, 0.037933191134758 ]
  [ 0.026943290601087, 0.027541525300504, 0.027808632353601, 0.027567908382525 ]
  [ 0.026649497501225, 0.027539559657467, 0.027165199898642, 0.02726818355537 ]
  [ 0.026617906192523, 0.027526569559587, 0.026938428397465, 0.027107941140397 ]
  [ 0.021829607511896, 0.022482953865174, 0.022287655597936, 0.022300716715458 ]
  [ 0.019074952202974, 0.01948399967754, 0.019840218080688, 0.019612665981362 ]
]
7 -
[
  [ 0.044476085778364, 0.044608770940722, 0.044361503837035, 0.043809524885158 ]
  [ 0.043817732813432, 0.04400981523327, 0.044090376748252, 0.043303504186807 ]
  [ 0.043034880800346, 0.042777569392293, 0.043288933616324, 0.042565235833532 ]
  [ 0.031213975660005, 0.031329254773311, 0.031272021545108, 0.030797547990485 ]
  [ 0.030927213560556, 0.030875391630935, 0.030982149405108, 0.030528584573343 ]
  [ 0.030703294039219, 0.030674696544744, 0.030889353268215, 0.030355818127133 ]
  [ 0.025267341210612, 0.025275604707109, 0.025349412446814, 0.024951345226883 ]
  [ 0.022238042889182, 0.022304385470361, 0.022180751918517, 0.021904762442579 ]
]
8 -
[
  [ 0.048792559215703, 0.049000362821461, 0.049391769625477, 0.049236935192777 ]
  [ 0.048480258221479, 0.048862381755691, 0.048915013271509, 0.048734959622019 ]
  [ 0.047885666557194, 0.047609501646966, 0.048811234211184, 0.048491412585544 ]
  [ 0.034390602678013, 0.034599601984706, 0.03475547024404, 0.034636931629476 ]
  [ 0.034176403162805, 0.034146127217561, 0.034718184978393, 0.034549172705323 ]
  [ 0.034068553855687, 0.034099333241975, 0.03455138770154, 0.034374390010325 ]
  [ 0.027933221145808, 0.02798907307598, 0.028311751946278, 0.028185173327848 ]
  [ 0.024396279607851, 0.024500181410731, 0.024695884812738, 0.024618467596388 ]
]
9 -
[
  [ 0.05480934701015, 0.054324431579138, 0.053959662521008, 0.054067915002095 ]
  [ 0.05460669521204, 0.053081752774642, 0.05332947828106, 0.053153852273508 ]
  [ 0.053869880413272, 0.052991582314993, 0.053226025817321, 0.053022454755822 ]
  [ 0.038684213661515, 0.037966196333652, 0.037930476520076, 0.037904487017625 ]
  [ 0.038419602653923, 0.037933162392203, 0.037893200605412, 0.037856750966861 ]
  [ 0.038349607024446, 0.03750254662174, 0.037673006494146, 0.037538907114102 ]
  [ 0.031421782913287, 0.030862636466044, 0.030889465769226, 0.030835536661294 ]
  [ 0.027404673505075, 0.027162215789569, 0.026979831260504, 0.027033957501048 ]
]
10 -
[
  [ 0.059899255541182, 0.059134113174124, 0.059047237253681, 0.059815135260218 ]
  [ 0.05957728876281, 0.058822882298342, 0.058800347748491, 0.059084704917731 ]
  [ 0.059048832138789, 0.058715443082691, 0.057966137423958, 0.058386863261154 ]
  [ 0.042240877201497, 0.041703660195501, 0.041665138948273, 0.042035061986131 ]
  [ 0.042051275323551, 0.041665321408878, 0.041365178474719, 0.041781565556703 ]
  [ 0.041939418783405, 0.041556021380573, 0.041280026164299, 0.041530272769109 ]
  [ 0.034355432028339, 0.034000164075423, 0.033832186229267, 0.034113860341726 ]
  [ 0.029949627770591, 0.029567056587062, 0.02952361862684, 0.029907567630109 ]
]
11 -
[
  [ 0.064919669357772, 0.06491896485545, 0.065142489339887, 0.065283068123552 ]
  [ 0.064495532537244, 0.064667974919388, 0.064357036229261, 0.065166834457633 ]
  [ 0.064382024401242, 0.064512028583546, 0.062958038713514, 0.064171273130731 ]
  [ 0.045754446249967, 0.045815644125818, 0.045782469903402, 0.046120950435632 ]
  [ 0.045713866663523, 0.045760088065044, 0.045270624253987, 0.045763957665841 ]
  [ 0.045565044209051, 0.045671928396145, 0.045004524315228, 0.04572386259159 ]
  [ 0.037295577848191, 0.037353988090259, 0.037027388621816, 0.037451515940464 ]
  [ 0.032459834678886, 0.032459482427725, 0.032571244669944, 0.032641534061776 ]
]
12 -
[
  [ 0.070557849984808, 0.07040840301317, 0.069053657952043, 0.070171898849232 ]
  [ 0.069938527001548, 0.069925678820954, 0.068535484050967, 0.068826852446979 ]
  [ 0.068453195844729, 0.068806737108329, 0.068355131456532, 0.068374248263762 ]
  [ 0.049671522642797, 0.049614709849144, 0.048644072737311, 0.04913657763061 ]
  [ 0.049130929942378, 0.049210213111827, 0.048579460216449, 0.048971091488721 ]
  [ 0.048920409011561, 0.049044530102338, 0.048398015239616, 0.048507122535659 ]
  [ 0.040202591404636, 0.040243546784653, 0.039632891268111, 0.039901706529038 ]
  [ 0.035278924992404, 0.035204201506585, 0.034526828976022, 0.035085949424616 ]
]
13 -
[
  [ 0.075767077797467, 0.075299670462756, 0.075001060409644, 0.075304069531333 ]
  [ 0.074442134137006, 0.074115509286369, 0.074091500904142, 0.073946306140152 ]
  [ 0.073617260542113, 0.073463981667745, 0.073307619635592, 0.073199085415024 ]
  [ 0.053100778559681, 0.052821266525268, 0.052709237884335, 0.052761426113242 ]
  [ 0.052798933732615, 0.052583881783345, 0.052424782840716, 0.052487972092441 ]
  [ 0.052344463876181, 0.052175704018555, 0.052111248061082, 0.052021739803039 ]
  [ 0.043066361711122, 0.04288641490576, 0.042795347225848, 0.042801598314623 ]
  [ 0.037883538898733, 0.037649835231378, 0.037500530204822, 0.037652034765666 ]
]
14 -
[
  [ 0.079931752030382, 0.080685171945808, 0.080229618561637, 0.080433899041304 ]
  [ 0.079053623221584, 0.080524266442073, 0.078624768109666, 0.079048535319948 ]
  [ 0.078665889784233, 0.078504066246072, 0.07844613022411, 0.078502200374898 ]
  [ 0.056207246316077, 0.056996058365574, 0.056154909158913, 0.056379173627222 ]
  [ 0.056067375959402, 0.05626604822343, 0.056089718719153, 0.056179946959429 ]
  [ 0.055761763080505, 0.05621139742647, 0.055532840924382, 0.055701592085334 ]
  [ 0.045732953366817, 0.046122087672589, 0.045661528966369, 0.045792994642731 ]
  [ 0.039965876015191, 0.040342585972904, 0.040114809280818, 0.040216949520652 ]
]
15 -
[
  [ 0.085994661530269, 0.085335411730501, 0.085973277595854, 0.085825907876811 ]
  [ 0.085230392340532, 0.084706200828257, 0.083832852680659, 0.08530105794828 ]
  [ 0.084992452134791, 0.084036887675217, 0.083625731763151, 0.084491804457202 ]
  [ 0.06053538923372, 0.060117553909183, 0.060021225968728, 0.0605016653082 ]
  [ 0.060449958546837, 0.059876871273711, 0.059945074113631, 0.060210862885859 ]
  [ 0.060182687434893, 0.059658283169222, 0.059205414455694, 0.060028796745513 ]
  [ 0.049307235216021, 0.048894554677353, 0.0487615722092, 0.049190787901058 ]
  [ 0.042997330765134, 0.04266770586525, 0.042986638797927, 0.042912953938406 ]
]
16 -
[
  [ 0.091133982311819, 0.090858314209378, 0.090602957157745, 0.091056589367463 ]
  [ 0.089467853369172, 0.090654629776158, 0.089537963486209, 0.090962230298937 ]
  [ 0.089154868150495, 0.089814485717066, 0.088802352762714, 0.09074919623198 ]
  [ 0.063844240185923, 0.064174395568307, 0.063686094257749, 0.064353344903216 ]
  [ 0.063730213409948, 0.063874282818838, 0.063419772158729, 0.064277776298356 ]
  [ 0.063152377988733, 0.063803393504944, 0.063051214368937, 0.064244558506547 ]
  [ 0.051907494395163, 0.052215026007009, 0.051752891448479, 0.052494071552628 ]
  [ 0.04556699115591, 0.045429157104689, 0.045301478578872, 0.045528294683732 ]
]
17 -
[
  [ 0.096127023156156, 0.095966972395317, 0.095706956964178, 0.096176464901757 ]
  [ 0.094116136339522, 0.09585737727352, 0.095268609351719, 0.096041655479018 ]
  [ 0.093873201018756, 0.094525576928227, 0.09440629297925, 0.094402163975018 ]
  [ 0.067249842513264, 0.06782011601713, 0.067519525405469, 0.067959318053167 ]
  [ 0.067161046096808, 0.067343502805478, 0.067210465089493, 0.067370960402659 ]
  [ 0.06646410112618, 0.067305598319598, 0.067058125782002, 0.06732457330707 ]
  [ 0.054668978830459, 0.055104149651051, 0.05491909908501, 0.055154157173894 ]
  [ 0.048063511578078, 0.047983486197658, 0.047853478482089, 0.048088232450878 ]
]
18 -
[
  [ 0.1015122260015, 0.1009803261339, 0.099600365850114, 0.10134837989955 ]
  [ 0.10112625581702, 0.099968663564662, 0.099401674381236, 0.10032131628892 ]
  [ 0.10056115339712, 0.099523017455622, 0.099004147347716, 0.10020597146958 ]
  [ 0.07164313243163, 0.071043495639265, 0.070357740851219, 0.071298230948602 ]
  [ 0.071441354554303, 0.070883019822781, 0.070216349810651, 0.071256790406664 ]
  [ 0.071306427676003, 0.070530432260567, 0.070146628585459, 0.070897067307574 ]
  [ 0.058349488390478, 0.05782266159557, 0.057350781190301, 0.058093740338397 ]
  [ 0.050756113000752, 0.050490163066952, 0.049800182925057, 0.050674189949773 ]
]
19 -
[
  [ 0.1062072970818, 0.10629641954432, 0.1060733442454, 0.10538354399278 ]
  [ 0.10478968417522, 0.10625745101073, 0.10507265784077, 0.10513630914934 ]
  [ 0.10464619736082, 0.10602872740362, 0.1044707630713, 0.1050838742674 ]
  [ 0.074593647168641, 0.07514913782963, 0.07464886985673, 0.074429853882794 ]
  [ 0.074541838550542, 0.075068096627057, 0.074432114139059, 0.074411243055066 ]
  [ 0.074046713895196, 0.075054367463317, 0.07408387006254, 0.074324051682075 ]
  [ 0.060741497421056, 0.061311135742602, 0.060736887300723, 0.060737825239815 ]
  [ 0.0531036485409, 0.053148209772159, 0.0530366721227, 0.05269177199639 ]
]
20 -
[
  [ 0.11104516368551, 0.11162300275773, 0.11129402536707, 0.1114389841704 ]
  [ 0.11064627496238, 0.11086510051157, 0.11116991620703, 0.11046317010811 ]
  [ 0.10975773008828, 0.10955591306244, 0.10934412116857, 0.11009709804328 ]
  [ 0.078379379172069, 0.078660054090044, 0.078652844108979, 0.078451983330446 ]
  [ 0.07806163083461, 0.078188310920382, 0.077998226354243, 0.07832052254335 ]
  [ 0.077922683601853, 0.0779264729982, 0.077955468867778, 0.07797950841585 ]
  [ 0.063785146168783, 0.063896178026068, 0.063850223297159, 0.063890784153693 ]
  [ 0.055522581842757, 0.055811501378866, 0.055647012683534, 0.055719492085201 ]
]